min -5 -5
max 5 5
step 1 1

data 1.2044422922543192 3.576114148128845 0
data 0.15870990398255375 -1.4821709003683443 0
data 0.09524719604502052 -1.2799553276531797 0
data 0.3491784746396592 -2.0643799749901808 0
data 0.6941503784609097 2.889108779099862 0
data 1.620650379038143 -4.035124003739588 0
data 1.5385622498851343 3.24255517875712 0
data 0.03630856406497362 -0.8539528551255181 0
data 0.47459110866216 2.477938198083137 0
data 0.1656958277541301 1.8111721624523827 0
data 1.6644624883674755 3.4527004226520135 0
data 0.8402857203773456 -3.4401763773968357 0
data 0.26169516271978094 2.1054964720237743 0
data 0.23161489612332625 1.8138050146260987 0
data 1.5801301952012372 3.3026711438823706 0
data 0.006355099499450956 0.4181317690616161 0
data 0.6806104186276648 3.096364336465992 0
data 0.12140043200356175 1.3309600357491511 0
data 1.13281261352165 3.7870883295576863 0
data 1.6150589236459794 3.6711300539007725 0
data 0.166454441389262 1.7761404817103574 0
data 1.724382414489031 2.7615202339489224 0
data 1.8866724578400795 3.2554410756146295 0
data 1.7232722734790735 3.4685917432416473 0
data 1.5466133164912588 2.4864417726623755 0
data 0.9845903999876972 3.773771302698046 0
data 1.4531334497939201 3.606099737644066 0
data 0.7490433880334229 3.1125403205178843 0
data 1.4504834139835034 3.57519058702159 0
data 1.6428786464081049 2.6161025322766687 0
data 1.281414874773733 3.716583817904648 0
data 1.595741042041829 3.7050884225451495 0
data 1.462982937573352 3.8369268781309893 0
data 1.466290480728429 4.037643470481509 0
data 1.5434896096890531 3.662780036568419 0
data 1.5701341642980686 2.5828665258679906 0
data 1.2299540375975928 3.4664421267657146 0
data 1.3114234541160652 1.8100958587717755 0
data -1.9936455277844884 -1.4938511662570069 0
data 0.39456475209174857 0.4152453540299579 0
data 1.5171544921836961 2.2719592914417857 0
data 1.691691390361178 3.3695506320864084 0
data 1.7418668550850518 3.1209187394858744 0
data -2.9137338164107933 -1.8192010035253903 0
data 0.7521508977168876 0.8929654419186178 0
data 1.6853730305183934 2.582959441942615 0
data 0.3711602384588555 0.3909874360370636 0
data -3.7303388425497377 -1.6384735841784517 0
data 0.35248407981387303 0.3587455938503075 0
data -1.4869420584910373 -1.200256451908562 0
data -0.7452904156007617 -0.6627476818413423 0
data 0.5638074424008005 0.6310916670387687 0
data 1.2709317896811472 1.9114870525997838 0
data 0.5351336074317934 0.561807625923046 0
data -0.17133037461682124 -0.16478994012303222 0
data -2.5019729343081027 -1.6794172456373375 0
data -2.63275448307701 -1.5249783539029185 0
data -3.155615496136573 -1.6868484207146324 0
data -2.1102249020019133 -1.4571430123207674 0
data -3.513035629068689 -1.778950383176616 0
data -0.03520181554023686 -0.03489159647566768 0
data -3.9984311418183838 -1.5225792561278262 0
data -3.080954450571366 -1.667763832595364 0
data -1.7902302423992484 -1.3403666454065193 0
data -3.37520543959256 -1.7131120999797098 0
data -2.385785747130532 -1.5185154898979476 0
data -3.547412674680523 -1.1351471661729153 0
data -2.9234438428449447 -0.6426378427457696 0
data -1.0100970450320959 -0.06833662711630259 0
data -0.30218583756626854 -0.2920170737599186 0
data -0.1479471988130121 -0.14121811607765108 0
data -2.4111349781575404 -1.506705736468013 0
data -3.5206597019655144 -1.5299570677671304 0
data -3.097624803054506 -0.7943857203795035 0
data -3.86453573584427 -1.3995885160788601 0
data 0.0346287901545725 0.03560930812795146 0
data -3.812977331808482 -1.797308781020036 0
data -2.5494116434980865 -0.5113928841351972 0
data -3.61833546484695 -1.1266718174454502 0
data -2.3172096784980316 -0.4211854786157473 0
data -3.8584330122235637 -1.4566904957894817 0
data -3.7718252826082024 -1.3384713171549043 0
data -3.226434243319398 -0.8164791316872536 0
data -2.4974810703741395 -0.47379048127647183 0
data -2.941579763873359 -0.639753507030584 0
data -2.913918586910886 -0.634286373676877 0
data -3.706239643489202 -1.38061641114639 0
data -1.9526570935455134 -0.25779485770089505 0
data -2.660204339388436 -0.44770181925818225 0
data 0.8173041411385085 -0.04129041312612248 0
data 1.2176851176267434 -0.09767527682362621 0
data -1.662461745409485 -0.17861815413225335 0
data -2.751114108138632 -0.567541670968297 0
data -3.3187370052714025 -0.8137403010418729 0
data -0.21406318176421563 -0.00263923557822202 0
data -1.0990222195897805 -0.07250970279451684 0
data -1.9476778541078406 -0.2634376870884464 0
data -0.499991013628242 -0.02064782231485801 0
data -2.526185068798691 -0.40330571464263376 0
data 1.9636077277772677 -0.23870489920658627 0
data -1.0271584285887325 -0.09516269565593045 0
data 3.0324834079488956 -0.7989918126240535 0
data 1.5155902690843996 -0.16600698779449102 0
data 2.218642828464112 -0.3644060263875128 0
data -2.403858210138477 -0.3860243701902173 0
data 2.006305208009454 -0.22018957360467104 0
data 3.1791162825757677 -0.7753703385444242 0
data -1.451883510811279 -0.1221705816892716 0
data 1.2149639304618245 -0.08424207557169727 0
data 2.046133005369668 -0.298099360827213 0
data -1.6218261398374076 -0.19686970187347969 0
data 3.179931998388798 -0.7530750173379206 0
data 3.967991875724409 -1.468318421215277 0
data 0.3298977279850845 -0.009556106004976177 0
data 4.078165875644617 -1.2021112156351577 0
data -0.31756601245960037 -0.009605467728499241 0
data 3.311291129743374 -0.8108829197698595 0
data -0.9528093857907304 -0.05683463534528932 0
data 3.0376899838525984 -1.6734774247734656 0
data 3.5505299156592307 -1.4046097380199247 0
data 3.559907747810663 -1.1234315214879327 0
data 2.3366328470566122 -0.4041227790929304 0
data 2.3135243335135094 -1.5716475470795546 0
data 0.2794952123584804 -0.2609339436112451 0
data 0.15186254664341925 -0.00026240406132221135 0
data 1.9615594101862495 -1.4490211505634285 0
data 0.5473532601543799 -0.4900442604221519 0
data 3.490440344279213 -1.852631148440783 0
data 2.7256604189730793 -0.5416991945253377 0
data 2.136065075222166 -1.5391420716312962 0
data 3.6704224769740943 -1.68871376996483 0
data 3.9226094740358857 -1.4867407446964291 0
data 3.088620308120366 -0.7976744594516795 0
data 1.9294843307330811 -1.3907358896735178 0
data 1.389469949800235 -1.143675305232364 0
data 3.514282181174743 -1.5739383397210374 0
data 1.1303569616343794 -0.8874266860529061 0
data 3.3354546021176485 -1.2110201134987548 0
data 0.009159052302741865 -0.00858734619944527 0
data 1.6809725367138284 -1.194521667791752 0
data 2.3071097052983083 -1.5342836000883573 0
data 2.2140483172035044 -1.578984330265106 0
data -0.5318427263001313 0.5807322183123393 0
data -0.34587482892703936 0.37164328365605104 0
data -0.09838266007904296 0.09984701265518478 0
data 0.65502942791084 -0.5863279731884221 0
data 0.5836124332564967 -0.5263063883445611 0
data -0.768172853734812 0.8879626683464173 0
data -0.05527257031664165 0.056468969190544005 0
data -1.2596195632563634 1.5931826184174027 0
data 0.9428059359540273 -0.8251368451063995 0
data 3.7768153069297816 -1.2084574988071586 0
data -1.709224577649638 2.783365822478068 0
data -1.081695169136476 3.431056066578182 0
data -1.4030703873323682 1.8890113286746322 0
data -0.6436345189849382 0.7170826979083675 0
data -0.632543453714377 0.7167769546883936 0
data -0.8537135503045984 1.005587089297039 0
data -1.2277252576064364 1.5788893781660023 0
data 0.9507402305559952 -0.7970087340083396 0
data -0.5973751254554265 0.6588925644580291 0
data 0.5019331760329937 -0.47138174244214764 0
data -1.8898846717454625 3.0691483686427348 0
data -1.2360222016037596 1.6417211659783146 0
data -1.7486159976498312 3.43138378143643 0
data -1.4882826205684458 2.22472259773876 0
data -1.2781042055133878 3.5935630492937762 0
data -1.9933836091919024 3.8233818603774483 0
data -0.06807583707423935 0.9781728832968243 0
data 1.0796824091626198 -0.9086285452580259 0
data -1.4973301448014784 2.1623264484057487 0
data -1.0224849666943834 3.5519155579458843 0
data -0.06880686265101525 -1.1311193566029059 0
data -1.7728429650772697 3.413995237016307 0
data -1.4290359870691094 3.335090918878256 0
data -1.631916080295726 3.4383753479674466 0
data -0.157413452849009 1.3520465325020972 0
data -1.697329588721542 3.7605334677375075 0
data -0.7206911072235379 3.303016649765851 0
data -1.498366183834676 3.5526743317027742 0
data -1.5328513545621933 2.3705680786932026 0
data -0.7830792887375602 3.1848453961518834 0
data -0.5655459447011268 2.981004858911627 0
data -0.004282475572981289 0.31026530208584124 0
data -0.9548161722552194 3.334807409684835 0
data -1.4302729898765087 3.7478903406328414 0
data -0.19913903867972416 1.756987860696143 0
data -0.39322845829717845 2.412339149222143 0
data -0.3139175789704318 2.2616019816692727 0
data -0.5556293827359788 2.8430875293543663 0
data -0.05617292043162339 -0.8084642556288987 0
data -0.05842576063222716 0.7976012175821192 0
data -0.8070369997435239 -3.1660230056578085 0
data -0.18601687852252236 -1.7392334143866806 0
data -0.00965590226474059 -0.30330046038615105 0
data -1.526645579428301 3.514489287120405 0
data -0.023254332287044207 -0.4482114497874294 0
data -0.021166512367463353 -0.6802225386183641 0
data -0.2379128869985525 -1.8946158721512874 0
data -0.5858464101358457 -3.091259938950624 0
data -1.0704958072229525 3.682524609580073 1
data -0.002329059937024095 -0.24877516456411744 1
data -0.0927980849018454 -1.1126458330432456 1
data -0.9240811812930436 -3.312871488203518 1
data -0.04274154112765387 0.9830649005528312 1
data -0.07883061558521855 -1.062005516592897 1
data -1.3547123039694617 3.6430630739633805 1
data -0.09645068005364714 1.2359845449388314 1
data -0.4889039654903495 -2.486355691706418 1
data -1.4042814472816345 -3.9654609103809 1
data -0.10303219405600163 -1.304076326990543 1
data -1.7682304334051238 -2.8070011514664057 1
data -1.8143533062615205 -3.1791629852484284 1
data -0.4034532312713054 -2.3489961573689686 1
data -1.1300768444718348 3.8601604583004367 1
data -0.3301437783628648 2.310461923736127 1
data -0.10359294767936426 -1.4032511450446126 1
data -1.6282398973840104 -3.2204858507533345 1
data -1.2707298801868383 -3.8005019727510616 1
data -0.3241650408975705 2.258575850536741 1
data -0.8315156128757595 -3.308573623180699 1
data -1.1554154959347929 -1.5835984682006494 1
data -0.8813194737329662 -3.4751322193714436 1
data -0.5141359669240008 -2.6875887460976786 1
data -0.3419079527287237 -0.3557118757633038 1
data -1.5000847352265911 -3.7443179026231133 1
data -1.095465434473378 -3.668107005432998 1
data -1.7184063154132856 -3.368244030278482 1
data -1.6844895347769162 -3.763593658804788 1
data -1.2360846211804803 -3.415374506606893 1
data -0.8067822954041247 -0.9766234149907909 1
data -1.0602670272126122 -1.2910056766876412 1
data -1.2544964554785265 -1.6560859763104376 1
data -1.7104012526411967 -3.32409572120821 1
data -0.4542455975888656 -0.49663082096164984 1
data -1.787174989134557 -3.1416569847774616 1
data -1.265367245967961 -1.7132219676058025 1
data -0.2938211460847736 -0.3059091110213862 1
data -0.40464573045361557 -0.4467770049038257 1
data 2.0312862850744593 1.4593137769745363 1
data -1.025644646059946 -1.2281203432881378 1
data -1.0788228697630302 -3.6903721154330595 1
data -1.4872833138502275 -3.470576936212552 1
data 1.5297346428472323 1.158564331441985 1
data -1.3989303003200817 -2.0360608550427055 1
data -0.36732261146701223 -0.3855111110376299 1
data -1.533855491452027 -2.6219440640176517 1
data 1.7537106411295589 1.3479830433890525 1
data -1.1589774325772944 -1.5119570940988145 1
data 2.9496856914716933 1.7382951810454768 1
data -1.381659971561495 -1.7954723507713273 1
data 2.412001182301464 1.54317461928581 1
data 1.4833133329655523 1.1095495973875336 1
data -1.2930006992057643 -1.6493194108093416 1
data 3.028388620903919 1.7579743153415746 1
data -1.1437479363766947 -1.4725106268944557 1
data -1.0687063564225088 -1.2898640241959491 1
data 2.7072874551802864 1.6762053096130287 1
data -0.22902286337217484 -0.23966987024386394 1
data 0.1803858770709238 0.1806509882253488 1
data 0.7879999772854852 0.6917788812562358 1
data -0.16529143225860224 -0.18294202244749713 1
data 3.7397981820941997 1.631349037356261 1
data 3.487756532847955 1.8288497656620362 1
data 2.083777760608222 1.4342865125545718 1
data 2.365534868169987 1.6009481243661163 1
data 3.4703936850309227 1.7523066763473008 1
data 2.4291485911256268 0.4643268570353798 1
data 3.902107813380669 1.4335161657349385 1
data 2.0381232162808476 1.4313844065565355 1
data 4.043884286522824 1.4278221541098781 1
data 3.1534101922575988 1.734926744543304 1
data 3.0944173075023578 1.7039500921102653 1
data 1.0007750545522434 0.0747685370065541 1
data 3.221090765459688 1.8271003440266231 1
data 3.0389515743475735 1.7092386679427267 1
data -0.1105661741123399 -0.11186833964740656 1
data 1.453385534871902 1.141121853230606 1
data 3.4270477008074898 0.9826795057143473 1
data 3.163774246688868 1.6988348649549896 1
data 3.0643527897583045 0.7337916526985331 1
data 2.9715303395519186 1.803160950266732 1
data 3.6681724186458746 1.8184095281020871 1
data 1.8157637302185585 0.28589270264319766 1
data -0.6520560920695387 0.010938888986192078 1
data 2.3956543575938203 0.3406085438444919 1
data -0.018349547374299145 -8.222677130048527e-05 1
data -1.854262481570461 0.20958286910803303 1
data -0.07550845888628543 -0.0003528277188410827 1
data 3.6832736043449477 1.4741372212736734 1
data 3.0185454531570266 0.6194436623982615 1
data 0.6671695603642117 0.026444543833193935 1
data 3.2195950383281664 0.7638596843127721 1
data 0.67142020307201 0.02950056674166458 1
data 3.6266079774515942 1.6828177266005562 1
data 3.4169247515792254 0.940761146982907 1
data -0.499555802409183 0.009249131818971551 1
data 2.825646924405237 1.6141162291856617 1
data 3.672617253462554 1.0459411314712654 1
data 0.7880071668691168 0.034514569406633756 1
data 3.8615532515294553 1.4907779431970236 1
data -0.2855877103631263 0.0007290518245524112 1
data 2.284202874745685 0.3524755337589995 1
data 0.2813966498621692 0.010087752694608253 1
data 0.31350354367926914 0.0042741919053367085 1
data -1.4336835784331903 0.13183970823152108 1
data 0.9571951604036479 0.04141222832458499 1
data -1.8543689591712003 0.19193366473222348 1
data 0.38180581738132346 0.007390395953090481 1
data -2.7896762958241124 0.646626878720702 1
data -3.285488056641941 1.6730345065124046 1
data -2.223498661921595 0.4213694874981057 1
data -2.780615914505543 0.5566125287672399 1
data 0.8263031880307015 0.04427619849925468 1
data -3.7288511474476853 1.2923291183544843 1
data -1.2329296835079369 0.07284300033056207 1
data -0.9589356524942323 0.061971013652499025 1
data -3.858110621225301 1.4235144794321826 1
data -3.5930107438559067 1.0873572779982985 1
data -3.1968924811845287 1.7248418985493403 1
data -2.127668391916738 1.386674452913372 1
data -2.964248696610357 0.5908910862740835 1
data -3.6027415369507896 1.2990003928383396 1
data -1.1747289588417313 0.9658711301174099 1
data -2.587520938919436 1.5688156857873496 1
data -3.1629396241805865 1.7693001699488389 1
data -1.727578667187597 1.297921825129818 1
data -3.453412127094715 0.984995599944007 1
data -2.812731663322877 1.6927781364060828 1
data -1.0355326466057555 0.8936308410999171 1
data -0.31567558976918864 0.30609108588545725 1
data -3.70141040778559 1.1459676314766332 1
data -4.211898112302496 1.915497480673501 1
data -2.460949769280712 1.5752402611597731 1
data -3.43569797474824 1.6626666452258607 1
data -3.3446905782549954 1.5985051603896696 1
data -1.3819363462673364 1.109933701561332 1
data -3.1794940311300435 1.6750049490709649 1
data -2.421196332365699 0.5252969919936105 1
data -1.3364350902095543 1.0356663847674479 1
data -3.062992724275164 1.744359248670287 1
data -3.5650455322477126 1.819712205504373 1
data -3.344510745302365 1.111287264412847 1
data 0.7776552704298982 -0.8895010856371602 1
data -2.980307104330319 0.6660694505031947 1
data -3.552250783552024 1.261004762757047 1
data -1.8297440426590255 1.3665585173805013 1
data 1.4653281582695978 -2.0846851633371597 1
data 1.5668819824072857 -2.3871833373907196 1
data -2.965433642282871 1.669248957393516 1
data -0.9607558454577005 0.8492032679079909 1
data -3.378909434779139 1.7289589302184802 1
data 1.4713534533351182 -2.2564383340467105 1
data -3.0282956631260434 1.6982496171474781 1
data 0.007509822623579305 -0.007631654623773448 1
data 1.797309192096859 -3.0927202553870585 1
data 0.3910776831739511 -0.40995281000999123 1
data 1.6388106884680138 -3.7949925246082166 1
data -0.8842784175864754 0.7612863244502617 1
data 1.565461346274665 -2.3055873671298492 1
data 1.595292389522287 -3.0346755649530737 1
data 1.2713953721152138 -1.6150212473528394 1
data 1.4070197683628685 -3.902663936066161 1
data 1.5812580214604322 -2.9084112887143774 1
data -1.721593273560559 1.3125083920264986 1
data 0.5687227220298473 2.598478602385762 1
data 1.6096064108823616 -3.501867067813481 1
data 1.7084976057332664 -2.960391289125508 1
data 0.03774943613090229 -0.03600987950672104 1
data 1.7788514657527936 -3.278076290102248 1
data 1.57017559762756 -2.3458760490148287 1
data 1.3162622056279303 -3.569199624348879 1
data 1.4558065885335836 -3.5199158779247735 1
data 0.09956702272251086 -1.2384861634329392 1
data 1.498063121851951 -3.47814659203703 1
data 1.1980586570570608 -3.6548056378852567 1
data 1.3075953439058499 -3.8262923949588425 1
data 1.6906627942786372 -3.8082636383120403 1
data 1.5445775784800477 -3.5624200775116246 1
data 0.3361643015594829 -2.4464638876505456 1
data 0.4715208961089594 -2.5186521746147186 1
data 1.7933263651994316 -3.7003229171518943 1
data 1.7580264518504227 -2.9839923376102333 1
data 1.1105950997387544 -3.4968696343813157 1
data 0.022541029777956897 -0.48889772618179445 1
data 1.0340296606210988 -3.762720636706817 1
data 0.14601038490221765 1.4225374982010812 1
data 1.5030182435154849 -3.6948896428850033 1
data 0.5295630782310924 -2.7939143219415215 1
data 0.7235260860079978 -0.8533908533010269 1
data 1.2444415082647753 -3.9746789685625687 1
data 0.7113086948004848 -3.031953930409194 1
data 0.036582442683608156 -0.7202671656160204 1
data 0.5967192682687715 2.871711597356324 1
data 0.17716021774602728 -1.5392823860758458 1
data 0.4503679410162118 2.408121431067135 1
data 0.03757264534891951 0.891600978829599 1
data 0.21364116367861802 1.7320159129134796 1
data 0.3243868928570292 -2.116324663250664 1
data 0.7307808250007515 3.0683292081876554 1
